#1
2.124583354423456
3.540972257372426
7.49989533856586
8.753747810028884
9.705746908732289
15.38291226563431
16.021448246471962
21.385150485508227
26.284462920298928
46.18356603222135
46.81049226795286
48.07595448452202
50.595269172554204
53.60219315504423
54.85604562650726
55.16950874437301
55.494581607344905
55.808044725210664
56.12150784307642
57.073506941779826
57.54950649113153
60.85828384638117
61.48521008211269
62.43720918081609
63.3892082795195
64.64306075098251
66.23359583052358
68.43944740069
68.75291051855577
69.06637363642152
70.01837273512493
70.49437228447663
71.59729806955984
72.53768742315711
73.80314963972627
79.80538785960019
81.07085007616935
84.8556269807707
85.48255321650221
88.01347764964054
91.80986429934802
92.75025365294529
95.28117808608361
98.12556563708769
100.01795408938837
102.38634209104075
103.16419501315207
104.89404703396679
106.17111899564209
109.95589590024343
110.28096876321533
110.7453585674609
112.48682033338176
113.27628300059922
118.32652212176973
120.23052031917653
121.80944565361146
123.06329812507448
123.86437053739807
124.34037008674979
124.6422234595094
124.96729632248129
131.5964607780867
133.40758101464442
135.38123768268807
135.69470080055382
137.13430919371507
138.22562523369214
140.28055011747878
#2
1.0100478242341018
4.016971806724129
11.598135361032963
12.236671341870613
12.863597577602125
13.653060244819583
14.129059794171287
20.758224249776713
23.289148682915037
32.286701140172845
37.812939810695056
46.334492718601155
49.32980695598504
49.80580650533675
50.75780560404016
51.07126872190591
51.38473183977167
52.02326782060932
52.33673093847507
52.63858431123469
56.434970960942174
57.700433177511336
59.906284747677766
60.23135761064966
61.17174696424693
62.75067229868185
63.22667184803355
63.70267139738525
64.01613451525101
64.48052431949657
67.17398518412084
70.81944514744852
72.22422430529136
73.32715009037457
74.11661275759202
76.64753719073035
80.7573869583036
82.33631229273851
82.96323852847003
87.39816115901516
89.2789398662097
90.06840253342716
90.47474361214202
92.61093671167161
93.51649682995047
94.3291789873802
99.0775647357911
99.85541765790242
100.64488032511987
108.22604387942872
109.49150609599788
112.01082078403006
112.3475033921081
113.75228254995092
114.86681808014028
116.43413366946905
119.59198433833889
121.65851896723166
132.1537285431814
132.96641070061114
134.707872466532
135.07938430992846
137.9121621158264
138.5390883515579
141.54601233404793
#3
1.486047373585805
7.174822475593965
8.289358005783319
20.920760681262664
21.245833544234557
22.023686466345875
23.591002055674654
25.808463370947223
27.073925587516385
28.815387353437252
29.128850471303007
30.87031223722387
31.346311786575576
32.600164258038596
32.913627375904355
34.17908959247352
34.65508914182522
35.920551358394384
36.547477594125894
37.186013574963546
38.439866046426566
39.09001177237036
39.867864694481675
41.446790028916595
42.700642500379615
43.49010516759708
43.96610471694878
46.0210296007354
46.961418954332665
47.286491817304565
48.55195403387373
49.01634383811929
49.968342936822694
50.920342035526104
52.97526691931272
53.45126646866443
54.5425825086415
55.98219090180275
56.59750739242812
57.23604337326577
58.501505589834935
59.128431825566445
59.75535806129796
61.65935625870477
62.59974561230204
62.913208730167796
64.17867094673696
66.08266914414376
66.53544920328319
68.2885207143102
68.60198383217596
69.22891006790746
69.70490961725918
70.33183585299068
72.70022385464306
73.02529671761495
73.65222295334647
73.96568607121222
75.06861185629543
76.02061095499884
76.8100736222163
77.7620727209197
78.55153538813717
79.01592519238272
80.4323140953317
81.24499625276144
82.81231184209021
83.28831139144192
83.76431094079362
84.07777405865937
85.01816341225664
85.97016251096005
86.6086984917977
86.92216160966346
87.54908784539496
88.33855051261243
89.45308604280179
89.7549394155614
90.39347539639905
90.85786520064461
91.5080109265884
92.44840028018567
92.91279008443124
93.38878963378293
94.8051785367319
95.44371451756956
96.55825004775892
97.03424959711062
97.66117583284213
98.43902875495344
99.37941810855071
101.28341630595753
103.96526742547566
104.27873054334141
106.65872829009993
107.13472783945163
107.76165407518315
108.55111674240061
108.86457986026636
109.66565227258995
111.38389454829854
111.70896741127044
112.18496696062215
113.45042917719131
114.70428164865433
115.33120788438585
115.80720743373755
116.75920653244096
117.69959588603821
118.17559543538992
118.50066829836182
118.81413141622757
119.76613051493098
120.06798388769059
122.28544520296316
125.11822300886111
125.90768567607856
129.07714609005453
131.65450950361742
132.13050905296913
132.50202089636556
132.85031324954974
133.3379225440076
134.41762883887853
135.04455507461003
136.0197736635257
136.49577321287742
138.39977141028425
139.3401607638815
140.74493992172432
#4
3.22750913950667
4.968970905427535
6.547896239862453
7.813358456431616
15.069449147768555
17.913836698772634
19.179298915341796
21.872759779966067
22.186222897831826
22.975685565049282
27.54992513686809
29.291386902788954
29.60485002065471
30.231776256386222
31.497238472955384
31.81070159082114
32.1241647086869
32.76270068952454
33.38962692525606
34.01655316098757
34.492552710339275
34.96855225969097
36.07147804477419
36.38494116263995
37.65040337920911
40.97079047956489
42.387179382513864
43.17664204973132
45.87010291435559
47.43741850368437
48.38941760238778
48.853807406633344
49.17888026960524
49.492343387470996
52.81273048782678
53.76472958653018
54.70511894012745
57.86296960899728
58.80335896259455
61.03243002297326
61.334283395732875
61.961209631464385
63.55174471100545
63.8652078288712
66.70959537987528
67.64998473347255
69.85583630363898
71.91076118742559
72.85115054102286
73.1878331491009
75.38207497416118
75.70714783713308
76.49661050435054
76.97261005370224
77.91299940729951
79.16685187876254
80.28138740895189
81.68616656679472
83.12577495995598
83.91523762717343
84.21709099993305
84.54216386290494
85.8076260794741
86.75962517817752
87.23562472752921
87.86255096326073
88.18762382623262
88.48947719899223
88.81455006196413
89.11640343472375
89.91747584704734
91.65893761296822
91.98401047594011
93.29591167293383
95.13025139970381
95.91971406692126
98.28810206857364
98.60156518643939
98.91502830430515
99.7044909715226
100.18049052087432
100.49395363874007
100.96995318809176
101.75941585530923
102.6998052089065
103.65180430760991
105.23072964204482
105.54419275991057
106.80965497647973
107.5991176436972
108.0751171930489
108.40019005602079
109.02711629175231
110.13004207683552
110.60604162618722
111.07043143043279
112.6493567648677
112.9744296278396
113.60135586357111
113.91481898143687
114.23989184440876
115.4937443158718
116.13228029670944
116.9217429639269
117.23520608179265
118.02466874901012
118.65159498474162
119.12759453409333
121.96037233999127
122.58729857572278
122.91237143869468
123.23744430166657
123.82954130207966
124.49129677312959
126.54622165691622
131.28299766022096
131.8867044057402
132.67616707295767
133.76748311293474
134.09255597590663
134.6846529763197
135.23031099630825
136.97177276222914
137.27362613498875
137.59869899796064
138.8641612145298
140.60562298045068
#5
0.22058515701664294
0.6965847063683461
2.4380464722892112
4.8064344739415885
5.131507336913483
5.758433572644995
9.067210927894639
10.3326731444638
12.55013445973637
13.339597126953828
16.334911364337717
20.607297563396905
21.71022334848012
22.325539839105492
22.65061270207739
23.12661225142909
23.451685114400988
23.91607491864655
26.76046246965063
28.025924686219792
28.490314490465355
31.02123892360368
32.44923757165879
35.28201537755673
36.86094071199165
37.33694026134335
38.126402928560815
38.60240247791251
38.91586559577827
39.39186514512998
40.65732736169914
41.1217171659447
43.652641599083026
45.6959567377635
46.64795583646691
48.70288072025353
49.65487981895694
50.119269623202506
50.4443424861744
51.860731389123366
52.48765762485488
53.12619360569253
53.90404652780385
54.380046077155555
56.28404427456237
56.76004382391407
58.17643272686304
59.4418949434322
60.06882117916371
60.54482072851542
65.29320647692631
65.90852296755168
66.38452251690339
66.87213181136123
68.12598428282425
69.39144649939341
70.64529897085643
71.28383495169409
72.07329761891154
73.48968652186052
74.59261230694374
77.12353674008206
77.59953628943376
78.22646252516527
79.64285142811424
80.91992338978955
81.86031274338681
82.17377586125257
87.70001453177478
88.65201363047818
88.97708649345007
89.60401272918159
90.23093896491311
91.02040163213056
93.06371677081104
93.55132606526888
93.86478918313465
94.1782523010004
94.6542518503521
95.59464120394937
96.07064075330106
96.70917673413872
97.33610296987023
97.96302920560174
98.76410161792535
99.2284914221709
99.5535642851428
100.33141720725412
101.44595273744348
101.91034254168903
102.23541540466093
102.54887852252669
103.01326832677225
104.1278038569616
105.38165632842463
105.69511944629039
106.33365542712804
107.43658121221125
108.70204342878041
109.17804297813211
111.23296786191874
114.54174521716838
115.01774476652008
116.28320698308924
117.86213231752417
118.55871702389251
118.96505810260737
119.29013096557928
121.48437279063957
124.17783365526384
125.5942225582128
128.43861010921688
128.75207322708263
129.69246258067992
130.33099856151756
131.700948484042
133.15216662230935
133.47723948528125
136.64669989925724
137.44777231158082
139.17762433239557
139.65362388174725
141.07001278469622
#6
2.751509590154967
5.282434023293291
6.0718966905107505
10.820282438921643
11.1337455567874
20.43315138680482
21.071687367642472
21.547686916994174
22.813149133563336
24.06700160502636
25.48339050797533
25.97099980243317
27.224852273896193
29.918313138520467
30.545239374251977
33.0761638073903
33.55216335674201
35.59547849542249
40.33225449872724
41.5977167152964
41.91117983316216
43.025715363351516
43.81517803056897
44.44210426630048
47.58834519006418
47.913418053036075
48.22688117090183
51.233805153391856
51.69819495763742
53.28873003717848
54.22911939077574
55.64550829372472
56.91097051029388
57.386970059645584
58.02550604048323
58.33896915834899
58.652432276214746
58.95428564897436
59.279358511946256
59.59282162981201
60.707357160001365
61.81028294508458
62.12374606295034
63.07574516165374
64.3412073782229
67.02305849774103
67.49905804709275
67.80091141985235
68.91544695004171
69.54237318577322
70.97037183382834
71.4347616380739
74.44168562056392
74.75514873842968
75.8580745235129
76.3340740728646
77.27446342646186
78.07553583878546
78.38899895665122
78.86499850600292
79.49192474173444
80.11885097746594
81.3843131940351
82.01123942976662
82.64977541060426
83.43923807782173
86.12108919733986
90.54440208277886
91.17132831851036
92.28586384869972
93.70225275164869
94.0273256146206
94.96771496821785
96.23317718478702
96.86010342051853
97.49863940135619
97.81210251922194
101.12087987447158
101.59687942382328
102.86234164039244
103.48926787612396
103.80273099398971
104.42965722972123
105.06819321055887
105.85765587777634
106.96058166285955
107.91258076156295
109.32896966451193
110.44350519470127
111.87150384275638
114.39081853078858
115.18028119800603
117.07266965030671
117.5486691996584
118.75608269069687
119.44105765195908
119.91705720131078
122.12290877147721
122.43637188934296
122.76144475231487
123.37676124294023
123.70183410591213
124.01529722377789
125.28075944034705
128.113537246245
131.6777289938297
133.4308005048567
136.33323678139146
136.80923633074318
137.74962568434046
139.0150879009096
139.49108745026132
139.80455056812707
140.11801368599282
140.43147680385857
141.383475902562
141.7085487655339
