#1
1.9271872317518515
2.275474080863632
4.1097848195190085
7.755187173555643
10.378948103531055
13.095585526602942
23.45131450685988
36.790700827841064
37.96326655318406
44.78968879577496
46.449856109874446
50.130087148822255
52.30107517495235
57.107433692694926
57.44411098016965
58.11746555511909
58.80242969170559
59.6267085679368
62.1111547582675
66.29059694760886
72.62941760144327
86.63054893573684
107.45810251262131
108.44491525177135
122.12097886022725
124.43128162600208
124.7911780367509
126.12627762501273
126.78802263832512
131.45506641642297
132.11681142973535
132.46509827884714
133.95112216839073
156.70586297702704
181.95665953763114
186.94877104156666
203.62010155238386
204.11931270277742
208.62382261795645
211.28241223284303
213.2908663960543
216.62281058589033
230.2872646327092
231.78489808388986
232.5395195902987
233.42184627471522
233.97910523329406
#2
1.7878724921071394
2.414788820508344
17.425952017226077
34.294645075873305
38.46247770357761
38.775935867778216
40.79599959262654
41.45774460593893
42.79284419420075
46.113178822399725
46.7749238357121
61.12434201911746
65.62885193429648
73.96451718970509
76.5302303114952
104.62536947317882
123.45607844848908
128.7964768015364
133.7885883054719
134.94954446917785
137.63135320733855
151.2958072541574
155.96285103225526
160.2932175228784
161.28003026202845
169.29062779159938
172.7967154059913
199.45226892467957
201.79740037536556
206.78951187930107
211.61908952031777
215.28771099762852
221.95159937730057
229.76483435904152
230.18277857797565
230.75164709819157
232.9690733708699
234.13002953457584
236.6260852865436
240.10895377766138
240.619774489692
244.62507325447748
244.9617505419522
258.7887384516899
261.8072244773253
262.2019495729853
#3
3.784717093681347
5.769952133618495
6.153067667641453
6.501354516753234
7.1282708451544385
7.731968050281524
8.126693145941543
8.486589556690381
8.846485967439222
10.27446204879752
12.468669198201738
13.13041421151412
14.01274089593063
15.150477936362446
18.331497824916706
19.446015742074405
20.06132250883855
20.815944015247407
24.12466908180932
25.970589382101757
26.9574021212518
31.299378173511997
33.458756638005035
35.29306737666041
36.11734625289163
38.12580041610289
40.13425457931416
40.97014301718243
41.422915921027744
41.956955756332476
42.96698761875664
44.116334220825514
46.960676821905054
47.73851745158803
49.28258914931693
52.126931750396466
53.125354051183564
53.96124248905184
55.29634207731367
57.79239782928143
58.303218541312035
58.76760100679441
59.3132504037362
61.96023045698573
62.33173642937163
62.95865275777283
64.13121848311583
64.45628620895349
65.79138579721531
67.11487582384008
68.11329812462718
69.12332998705135
69.77346543872667
70.11014272620139
70.63257299986905
72.13020645104972
72.46688373852444
73.7903737651492
74.80040562757337
75.46215064088575
75.9613617912793
76.30964864039107
77.075879708437
78.29488368032823
79.29330598111534
80.62840556937716
81.96350515763898
83.2986047459008
84.77301907380735
85.10969636128206
86.45640551118095
87.45482781196806
88.1281823869175
88.46485967439222
89.96249312557288
91.62266043967236
93.63111460288363
94.44378391747777
96.62638150524494
96.96305879271966
98.1240149564256
98.79736953137504
100.10924999636273
100.44592728383746
101.45595914626162
101.94356073501812
104.45122604862294
105.4612579110471
106.95889136222776
107.79477980009602
108.2591622655784
109.45494711419552
110.12830168914496
110.96419012701323
111.30086741448795
111.78846900324444
112.46182357819389
112.78689130403154
113.95945702937453
114.95787933016165
115.79376776802992
116.29297891842347
116.79219006881702
117.6280785066853
119.11410239622889
119.71779960135598
121.12255655944016
121.77269201111548
126.28881148793157
127.28723378871867
129.29568795192995
130.45664411563587
131.3970186082377
133.12684329215952
133.62605444255308
135.7854329070461
136.12211019452084
136.62132134491438
139.45405438435685
139.7907316718316
140.1274089593063
142.1242535608805
142.79760813582996
143.12267586166763
145.11952046324183
146.4662296131407
147.1279746264531
147.4646519139278
147.80132920140252
148.1263969272402
148.4630742147149
149.10160010475317
149.78656424133968
150.79659610376385
151.12166382960152
151.63248454163212
152.44515385622628
153.13011799281279
153.45518571865043
155.1153530327499
155.7770980460623
156.45045262101175
157.95969563382945
158.47051634586006
159.79400637248483
160.1190740983225
161.12910596074667
161.91855615206669
162.45259598737144
163.24204617869145
165.13440472553214
165.95868360176334
167.29378319002518
169.12809392868056
171.94921740648599
172.6225719814354
173.04051620036955
173.4584604193037
174.78195044592846
175.10701817176613
176.11705003419027
176.62787074622088
177.41732093754092
178.78724921071392
179.2864603611075
179.6231376485822
180.45902608645048
181.6199822501564
183.12922526297413
183.46590255044885
184.46432485123594
184.7893925770736
186.7862371786478
187.43637263032315
187.9588029039908
189.10814950605968
190.46646821759563
191.29074709382684
192.12663553169511
192.45170325753278
192.7883805450075
193.8100219690687
194.9593685711376
195.28443629697526
195.95779087192471
197.7921016105801
198.46545618552952
198.96466733592308
200.45069122546667
200.78736851294138
201.62325695080966
202.12246810120322
206.42961546855224
206.76629275602696
208.91406165888293
211.45655565739892
212.2924440952672
212.61751182110487
213.1167229714984
214.12675483392258
214.62596598431614
215.70565521656266
216.5183245311568
216.95948787336505
218.42229263963455
219.4555436253328
220.29143206320109
221.28985436398818
222.45081052769413
223.44923282848123
223.96005354051184
225.64343997788544
228.3949060858685
230.10151164651623
230.44979849562802
230.7980853447398
232.3073283575575
232.77171082303988
233.11999767215167
233.75852356218994
234.09520084966465
235.20971876682236
235.77858728703825
236.52159923181006
237.78704145024952
239.7954956134608
240.3991928185879
240.75908922933672
241.45566292756027
242.29155136542855
243.28997366621564
244.43932026828452
244.7876071173963
247.45780629391996
247.79448358139467
248.78129632054473
249.62879432005005
250.46468275791833
250.789750483756
251.1264277712307
252.62406122241137
253.11166281116786
253.42512097536846
254.45837196106675
255.25943171402383
256.7918938501157
257.1169615759533
257.79031615090275
258.7306906435046
259.7755511908399
260.6230491903453
260.9481169161829
261.90010097042176
#4
1.8691394235665546
2.3567410123230474
2.7979043545313025
2.948828655813074
2.948828655813074
2.948828655813074
3.4828684911178036
5.108207120306112
5.479713092692012
6.454916270204996
7.4533385709921
7.80162542010388
8.289227008860372
9.125115446728646
9.77525089840397
10.13514730915281
12.097163225815839
13.025928156780585
14.442294676501826
15.09243012817715
15.777394264763652
17.135712976299594
17.797457989611978
18.45920300292436
19.829131276097364
20.223856371757382
20.606971905780338
21.175840425996245
23.77638223269754
25.459768670071146
26.12151368338353
26.45819097085825
27.29407940872652
28.629178996988347
29.627601297775453
30.126812448169
30.463489735643723
30.800167023118444
31.461912036430828
31.79858932390555
32.12365704974321
32.63447776177382
33.957967788398584
34.45717893879214
34.96799965082275
35.803888088691025
37.81234225190229
39.286756579808824
39.73952948365414
40.447712743514764
41.132676880101265
42.46777646836309
44.62715493285613
45.12636608324968
45.79972065819912
47.297354109379775
48.12163298561099
48.62084413600454
49.42190388896164
50.79183216213464
51.790254462921745
52.78867676370885
55.122198652757774
55.458875940232495
56.4572982410196
56.95650939141315
57.96654125383731
59.02301136280972
59.44095558174385
60.11431015669329
61.10112289584334
61.46101930659218
62.27368862118633
62.784509333216945
63.29533004524755
64.29375234603465
65.12964078390293
65.4547085097406
66.12806308469004
66.42991168725358
66.78980809800241
67.78823039878952
68.78665269957662
69.94760886328255
70.94603116406967
73.46530603931154
74.46372834009864
75.12547335341102
76.42574425676167
77.11070839334818
79.79251713150889
84.79623819708146
87.29229394904922
88.62739353731105
90.45009471432937
91.2975927138347
92.12187159006591
92.45854887754064
93.12029389085302
93.45697117832773
93.79364846580246
94.29285961619601
94.79207076658956
95.465425341539
95.79049306737666
96.12717035485139
97.46226994311321
97.96148109350676
98.28654881934442
99.45911454468742
99.79579183216214
101.1192818587869
101.61849300918045
103.45280374783583
103.7778714736735
105.4032101028618
106.79635749930893
107.13303478678364
107.60902681390307
108.29399095048959
109.11826982672079
109.6290905387514
110.10508256587083
110.79004670245735
111.46340127740677
112.287680153638
113.46024587898098
114.12199089229337
114.79534546724281
116.11883549386758
117.12886735629174
117.4539350821294
117.96475579416001
120.12413425865306
120.7974888336025
122.45765614770198
123.97850872215676
124.29196688635736
125.46453261170035
126.96216606288101
128.12312222658693
128.6223333769805
130.1315763897982
130.79332140311058
131.29253255350415
132.29095485429124
133.0804050456113
137.10892293367087
137.45720978278266
137.95642093317622
138.79230937104447
139.29152052143803
139.95326553475041
140.45247668514398
141.1258312600934
142.46093084835525
144.79445273740416
145.9554089011101
147.59235709193547
149.46149651550203
149.96070766589557
150.28577539173324
151.0403968981421
151.45834111707623
151.76018971963978
156.12538489517408
157.12380719596118
158.11061993511123
158.79558407169773
159.1206517975354
161.6283171111402
161.95338483697788
163.43940872652146
164.76289875314623
166.1212174646822
167.1196397654693
167.456317052944
167.79299434041872
168.628882778287
168.9423409424876
170.1149066678306
170.43997439366825
170.78826124278004
171.2874723931736
171.78668354356714
172.12336083104185
173.95767156969725
175.4553050208779
175.79198230835263
176.453727321665
178.4505719232392
180.78409381228815
181.45744838723758
181.7941256747123
182.7925479754994
183.29175912589295
183.62843641336767
184.12764756376123
184.5920300292436
185.11446030291128
185.9619583024166
187.28544832904137
188.79469134185908
189.78150408100913
191.11660366927094
191.4532809567457
191.7899582442204
193.1250578324822
193.9609462703505
194.44854785910698
196.12032473484354
196.61953588523707
197.11874703563063
197.9546354734989
198.29131276097363
199.28973506176072
200.96151193749728
201.28657966333495
203.12089040199032
203.45756768946504
203.9567788398586
204.59530472989687
205.45441229103923
205.79108957851398
206.2903007289075
208.46128875503763
209.12303376835
209.44810149418765
210.1214560691371
210.45813335661182
211.1198783699242
211.9557668077925
213.95261140936668
215.12517713470967
215.62438828510324
216.12359943549677
216.4602767229715
217.11041217464683
217.4586990237586
217.9463006125151
218.4571213245457
218.79379861202042
219.293009762414
219.76900178953343
220.6281093506758
221.78906551438175
222.9500216780877
223.2866989655624
223.78591011595594
224.12258740343069
225.4576869916925
228.45295389405382
231.09993394730333
231.43661123477807
232.4234239739281
232.8529777544993
233.86300961692348
234.96591797244412
235.5928343008453
236.71896177964007
237.05563906711478
239.9928581612908
240.49206931168436
241.1073760784485
242.1057983792356
242.7907625158221
243.12743980329682
244.1026429808098
245.4493521307087
246.11109714402107
246.78445171897053
248.11955130723234
249.11797360801944
251.62563892162427
252.1248500720178
252.7865950853302
254.12169467359203
254.9575831114603
255.4451847002168
256.11853927516626
257.45363886342807
258.1037743151034
259.4388739033652
260.77397349162703
261.1222603407388
261.69112886095473
262.0161965867924
262.3180451893559
#5
2.1245497795818604
2.948828655813074
3.819545778592525
4.469681230267848
5.177864490128468
6.791593557679717
11.156788733214032
11.806924184889354
13.792159224826504
15.394278730740693
17.634924126693146
24.623880232202872
26.794868258332972
27.456613271645352
28.129967846594795
28.79171285990718
29.1283901473819
29.45345787321956
29.95266902361311
33.795433925479756
34.12050165131742
35.455601239579245
37.127378115315786
39.124222716889996
39.78596773020238
42.119489619251304
43.2920553445943
43.77965693335079
44.47623063157435
45.96225452111795
47.45988797229861
49.12005528639809
49.61926643679165
49.95594372426637
50.45515487465992
51.1168998879723
52.475218599508246
53.462031338658285
54.12377635197067
54.78552136528305
55.78394366607016
56.79397552849432
58.454142842593804
59.11588785590619
60.450987444168014
60.77605517000568
61.61194360787395
63.10957705905461
63.78293163400404
64.7697443731541
66.4531308105277
70.28428615075728
76.62310680459169
79.45583984403416
80.11758485734654
80.46587170645833
81.44107488397131
82.12603902055781
82.46271630803254
83.12446132134492
84.12288362213202
85.79466049786856
86.79308279865567
87.11815052449333
87.79150509944277
88.59256485239987
89.11499512606754
90.1250269884917
92.79522616501535
95.12874805406427
96.45223808068904
100.79421413294924
102.10609459793694
102.79105873452345
103.11612646036112
104.12615832278527
105.12458062357238
106.12300292435948
106.4596802118342
107.9457041013778
108.79320210088314
109.95415826458907
112.12514629071916
112.62435744111272
115.2829470559993
118.12728965707885
121.2270426141737
123.29354458557026
123.76953661268969
124.62864417383209
125.95213420045684
126.46295491248746
127.7632258158381
129.10993496573698
129.95743296524233
132.62763214176596
133.4519110179972
133.83502655202014
134.4503333187843
134.787010606259
135.2746121950155
136.78385520783323
138.11895479609504
143.45935314914234
146.11794276402892
148.78814194055258
150.1232415288144
150.62245267920795
151.79501840455094
154.45360801943755
156.77552034684942
161.75602228914786
164.12437286310796
165.4594724513698
165.79614973884452
169.44155209288115
171.12493853025475
172.43681899524248
173.12178313182898
178.12550419740154
179.12392649818864
179.4489942240263
180.12234879897576
185.451137590386
186.12449216533543
186.46116945281017
188.12133676690965
188.4464044927473
189.45643635517146
190.11818136848385
190.7915359434333
194.1234801332693
196.79367930979296
197.45542432310535
199.25490637684956
199.7773366505172
201.93671511501026
202.44753582704087
202.7842131145156
204.4443804286151
204.7810577160898
205.11773500356452
206.62697801638225
206.96365530385697
207.2655039064205
207.77632461845113
208.96049990543116
209.9240935213071
210.7832010824495
212.10669110907426
212.59429269783075
213.7784679848108
214.2892886968414
219.1188663378581
220.1172886386452
220.77903365195758
221.1157109394323
221.45238822690703
224.44765512926833
224.78433241674307
225.12100970421778
228.36007740095732
229.12630846900325
230.21760726288684
231.1695913171257
232.12157537136457
232.49308134375048
236.77700958782538
237.12529643693713
240.03929640783903
243.4525075291345
261.59825236785827
#6
1.1841752869800533
1.9852350399371481
4.806358517742569
5.8279999418037916
8.440151310142145
16.439139278076034
20.78111533033623
24.786414095121703
32.78540206305559
36.62816696492224
37.46405540279051
39.44929044272766
40.62185616807065
43.45458920751313
45.4630433707244
47.79656525977333
48.79498756056043
51.45357717544702
59.46417470501797
59.77763286921857
60.96180815619863
61.77447747079278
62.447832045742224
63.45786390816639
64.63042963350938
65.95391966013415
74.12705105262393
76.78564066751052
78.79409483072178
89.45167241354225
90.78677200180408
104.78790333609766
115.4570904805552
115.95630163094874
121.43601472364075
121.95844499730843
122.7943334351767
124.12943302343852
125.11624576258858
127.4497676516375
129.45822181484877
130.08513814324996
131.78013414226064
132.77855644304773
134.12526559294662
135.46036518120846
145.7812654765542
159.45732908501012
162.12752826153377
166.78296247799457
183.79097027628652
190.62900208051445
198.7905239113672
200.125623499629
200.6132250883855
201.44911352625377
203.28342426490914
205.9536234414328
206.94043618058285
208.11300190592584
209.62224491874355
212.79165524566076
213.45340025897315
214.77689028559791
215.78692214802206
218.120444037071
222.78748781516884
225.9685077037231
228.12788616821615
228.4297347707797
230.40336024907978
232.91102556268459
234.0255434798423
234.45509726041348
236.4287227387136
240.43402150349905
241.014499585352
253.45994966027965
257.94124045218456
