#1
2.2290217499691964
5.700258746014976
7.313977617086426
8.463316956914293
11.121889773283803
11.690754699057191
13.07228380450685
13.768853101372224
14.69761216385939
18.38942943724587
20.23533807393911
21.152487648145186
22.081246710632353
22.766206519216638
24.391534878569175
25.90076835511082
27.28229746056048
30.39364031989248
31.19469501128766
32.23954895658572
33.27279341360269
34.30603787061966
34.65432251905235
35.22318744482574
35.69917646435041
36.6047165502754
37.196800452610965
38.58993904634171
39.0427090893042
40.90022721427854
41.22529288614904
41.68967241739263
46.54243851888806
47.00681805013165
47.80787274152683
48.38834715558131
48.85272668682489
49.52607700712808
50.002066026652756
51.383595132102414
51.847974663345994
52.54454396021137
55.53979193673248
56.921321042182136
57.385700573425716
58.99941944449717
59.92817850698433
61.0775178468122
61.99466742101828
63.503900897559916
64.2004701944253
64.5371453545769
65.91867446002655
68.22896262796337
69.15772169045054
70.07487126465661
71.45640037010627
73.3139184950806
78.84003491687923
79.30441444812281
80.00098374498819
81.15032308481605
82.07908214730323
84.84214035820254
85.52710016678682
86.68804899489578
88.30176786596724
88.9983371628326
90.37986626828226
92.2257749049755
92.92234420184087
94.08329302994983
95.00044260415591
95.68540241274019
96.38197170960557
97.31073077209273
97.76350081505522
98.2278803462988
99.60940945174846
100.07378898299204
103.76560625637853
105.15874485010927
105.61151489307177
106.07589442431535
106.42417907274805
106.99304399852143
107.45742352976501
107.92180306100859
108.38618259225217
108.85056212349576
109.53552193208004
110.6848612719079
112.54237939688224
113.12285381093672
113.45952897108832
113.9239085023319
114.38828803357548
114.84105807653798
115.76981713902514
116.23419667026872
117.1513462444748
118.53287534992445
119.46163441241163
120.37878398661769
121.53973281472665
122.8283860139276
123.85002098266348
125.23155008811314
128.22679806463424
128.69117759587783
129.14394763884033
131.23365552943645
131.68642557239895
133.31175393175147
133.76452397471397
134.69328303720113
135.15766256844472
136.2953924199915
136.77138143951615
138.14130105668474
138.6172900762094
139.0700601191719
139.98720969337796
143.92282622066733
146.68588443156665
147.4985486112429
147.9629281424865
148.5317930682599
149.11226748231437
150.37770170495313
151.87532569321368
152.22361034164638
152.56028550179798
152.92017963851174
153.38455916975533
153.83732921271783
154.5338985095832
156.72809179470912
158.22571578296967
158.92228507983506
159.27056972826773
159.95552953685203
160.3154236735658
163.2990621618058
164.227821224293
165.15658028678016
168.38401802892304
168.84839756016663
169.9977368999945
170.450506942957
171.84364553668775
172.29641557965022
173.92174393900277
177.96184586082194
178.64680566940623
178.9950903178389
180.37661942328856
182.118042665452
182.58242219669557
183.15128712246897
183.61566665371257
184.99719575916222
185.9143453333683
186.37872486461188
187.30748392709904
187.7718634583426
188.6890130325487
189.61777209503586
190.07054213799836
195.6082680480781
197.4541766847713
200.67000493863313
202.51591357532638
202.99190259485104
204.7217163487334
205.058391508885
209.9227670986615
211.30429620411115
212.23305526659834
212.9064055869015
214.06735441501047
214.76392371187586
215.46049300874122
216.84202211419088
217.75917168839698
218.22355121964054
218.68793075088414
219.6050803250902
220.99821891882095
222.14755825864881
222.8441275555142
223.29689759847668
224.69003619220743
225.14280623516993
226.0715652976571
226.53594482890068
227.00032436014425
227.68528416872854
228.14966369997214
228.6024337429346
229.2990030398
230.22776210228716
231.14491167649322
232.0736707389804
232.53805027022398
232.99082031318648
233.68738961005184
234.83672894987973
235.1966230865935
236.2182580553294
236.68263758657295
238.5285462232662
239.92168481699693
240.37445485995943
240.73434899667322
242.22036349665268
245.45941072707666
246.37656030128275
247.3053193637699
249.03513311765226
249.38341776608493
249.96389218013942
250.5327571059128
252.84304527384964
253.3074248050932
255.14172395350536
256.5348625472361
256.9992420784797
#2
3.1577808124563616
3.622160343699944
5.0036894491496025
6.849598085842843
7.546167382708217
8.695506722536084
10.077035827985743
10.773605124851116
11.922944464678983
15.382571972443673
20.699717605182695
21.965151827821458
22.313436476254143
28.08335215195566
28.77992144882103
32.69231899954821
33.60946857375429
34.07384810499787
34.53822763624145
35.00260716748504
35.91975674169111
36.3841362729347
36.732420921367385
37.06909608151898
37.41738072995167
37.765665378384355
38.113950026817044
38.69442444087152
40.54033307756476
41.81737678848461
42.15405194863621
42.8390117572205
45.160909413438404
45.6136794564009
46.19415387045538
48.60892743292201
49.30549672978738
50.234255792274546
50.698635323518126
52.99731400317386
53.46169353441744
53.92607306566103
56.236361233597854
56.689131276560346
58.08226987029109
60.38094854994682
62.45904695226186
63.14400676084614
63.852185545992604
65.45429492878297
67.31181305375729
67.66009770218999
70.5392507959002
71.00363032714378
73.7666885380431
74.23106806928668
74.57935271771936
77.00573576846708
78.38726487391673
80.23317351060999
80.68594355357247
81.61470261605965
82.9962317215093
87.61680805738294
88.06957810034544
88.53395763158902
89.46271669407619
89.81100134250887
90.73976040499603
91.76139537373192
93.15453396746267
95.4532126471184
96.84635124084915
99.14502992050488
100.53816851423564
101.4553180884417
109.08275188911755
110.23209122894542
115.30543760778156
118.08010530696197
119.91440445537411
122.22469262331094
123.74553558813366
124.53498079124776
127.19355360761728
127.76241853339066
128.12231267010444
129.6083271700839
130.0727067013275
130.53708623257106
130.98985627553355
131.91861533802071
132.8473744005079
137.22415148247865
140.23100894728086
141.6125380527305
146.45369466594485
147.03416907999934
147.382453728432
148.1835084198272
148.76398283388167
149.22836236512526
150.14551193933133
150.72598635338582
151.07427100181852
151.65474541587298
153.15236940413354
154.8821831580159
155.45104808378926
155.91542761503285
156.971891048612
157.5291464861043
158.34181066578057
159.37505512279753
160.07162441966292
164.46001098991476
164.91278103287726
165.96924446645642
167.00248892347338
171.37926600544415
172.5402148335531
173.2251746421374
174.14232421634347
174.73440811867903
175.76765257569602
176.91699191552388
178.18242613816264
178.53071078659534
179.4594698490825
181.53756825139752
182.68690759122538
184.06843669667504
185.4615752904058
186.61091463023365
188.2246335013051
190.41882678643103
192.84520983717877
193.76235941138484
196.53702711056525
198.38293574725847
199.30008532146456
199.99665461832993
202.07475302064498
203.45628212609464
204.83781123154426
205.30219076278786
208.19295334477917
208.65733287602274
213.1502048408044
213.614584372048
214.99611347749766
215.91326305170372
217.30640164543448
219.1523102821277
220.3016496219556
221.45098896178345
225.60718576641352
228.3818534655939
228.8346235085564
229.76338257104356
230.68053214524966
234.37234941863613
235.05730922722043
236.91482735219475
237.6113966490601
238.0757761803037
240.60664462558123
241.3032139224466
247.0731295981481
247.99027917235418
249.15122800046314
249.60399804342563
250.9971366371564
251.69370593402175
256.7670523128579
257.2198223558204
257.57971649253415
#3
9.392076019401458
9.972550433455936
11.22637516781361
12.27122911311167
12.851703527166148
13.304473570128641
13.664367706842418
14.001042866994014
14.477031886518688
15.846951503687256
16.659615683363526
16.996290843515123
17.58837474585069
18.15723967162408
19.550378265354826
21.396286902048068
25.668578589489027
27.050107694938685
28.896016331631927
29.36039586287551
29.929260788648897
30.74192496832517
32.46012923392642
33.145089042510705
33.51659266750557
36.2680413901238
37.533475612762565
39.147194483834014
39.61157401507759
40.19204842913207
41.45748265177084
43.30339128846408
44.359854722043224
45.834259733741604
46.67014288998005
48.05167199542971
49.897580632122946
51.74348926881619
52.300744706308485
52.89282860864406
53.82158767113122
54.6226423625264
55.435306542202675
55.888076585165166
56.57303639374945
57.28121517889591
58.767229678875374
59.68437925308145
60.27646315541702
60.72923319837951
61.30970761243399
61.774087143677576
62.69123671788365
63.73609066318171
64.07276582333331
64.43265996004709
65.68648469440475
66.04637883111853
66.84743352251371
68.00838235062267
69.61049173341303
71.81629450682004
72.61734919821522
73.66220314351328
74.79993299506006
78.60784515125744
79.19992905359301
80.45375378795069
82.53185219026571
83.69280101837467
84.38937031524004
84.73765496367274
85.7708994206897
86.59517308864706
88.42947223705922
88.8938517683028
89.2305269284544
90.29859985031463
91.08804505342873
91.54081509639121
92.12128951044569
92.69015443621909
93.50281861589535
94.53606307291233
95.82471627211326
97.19463588928184
98.92444964316418
103.54502597903783
104.00940551028141
104.47378504152499
106.30808418993715
107.81731766647879
111.27694517424348
112.42628451407134
114.05161287342388
115.20095221325175
115.53762737340335
115.88591202183603
116.46638643589051
119.22944464678983
119.69382417803341
120.73867812333147
122.68907215455452
124.77878004515064
125.34764497092402
125.91650989669742
126.2764040334112
126.72917407637368
128.58669220134803
129.8521264239868
130.21202056070055
130.65318111538195
132.2668999864534
132.731279517697
135.27375745125562
135.842622377029
136.19090702546168
137.68853101372224
138.2806149160578
138.9655747246421
140.57929359571355
141.97243218944428
143.57454157223464
145.0837750487763
146.01253411126345
146.81358880265864
148.2996033026381
150.84208123619672
151.17875639634832
151.99142057602458
153.60513944709604
154.0695189783396
156.37980714627645
156.84418667752
157.2969567204825
159.14286535717576
160.4315185563767
160.7681937165283
162.27742719306994
162.9623870016542
163.5312519274276
163.8911460641414
164.35552559538496
164.80829563834746
165.38877005240195
166.6542042750407
167.22306920081408
171.50697037653615
174.04944831009476
175.43097741554442
177.49746632957834
180.14442965766676
182.46632731388468
182.93070684512827
183.96395130214523
185.7982504505574
187.07529416147725
187.6557685755317
188.3523378723971
189.03729768098137
189.96605674346856
190.31434139190122
194.691118473872
195.85206730198095
196.76921687618704
197.6979759386742
199.76446485270813
200.21723489567063
201.37818372377959
201.84256325502318
203.6884718917164
205.53438052840966
206.46313959089682
207.61247893072468
207.96076357915737
208.30904822759007
208.77342775883363
209.23780729007723
209.69057733303973
210.8399166728676
211.53648596973295
212.8135296806528
214.65943831734606
216.62144183685018
218.44413149698124
220.19716422742576
221.34650356725365
222.7280326727033
223.42460196956867
227.58079877419874
229.42670741089196
234.9644333209717
235.5332982467451
235.9860682897076
237.9596812974928
238.760735988888
240.50215923105142
241.4193088052575
241.7559839654091
242.46416275055554
242.91693279351804
244.0662721333459
247.2008339692401
248.11798354344617
248.90742874656027
249.73170241451763
251.4499066801189
251.80980081683265
254.58446851601306
255.84990273865182
256.4187676644252
257.8002967698749
#4
5.932448511636768
7.7783571483300085
8.927696488157876
10.994185402191818
11.818459070149176
12.387323995922566
14.233232632615806
14.581517281048493
14.92980192948118
16.067531781027956
16.54352080055263
16.891805448985316
17.240090097418005
18.969903851300348
20.00314830831732
21.84905694501056
23.230586050460218
24.159345112947385
24.62372464419097
25.540874218397043
26.005253749640627
26.35353839807331
26.9224033238467
27.851162386333865
28.199447034766553
28.54773168319924
30.61422059723318
31.078600128476765
32.36725332767771
33.72556345656518
34.18994298780877
34.88651228467414
35.594691069820605
36.03585162450201
37.88176026119525
38.230044909627935
38.81051932368241
39.28650834320709
39.84376378069938
40.99310312052725
42.03795706582532
42.61843147987979
42.978325616593565
43.53558105408587
43.883865702518555
44.232150350951244
44.928719647816614
45.497584573590004
46.31024875326627
47.92396762433772
48.5044420383922
49.07330696416559
50.350350675085444
50.93082508913992
52.19625931177868
52.76512423755207
54.053777436753016
55.0754124054889
55.91129556172734
56.468550999219644
57.037415924993034
57.838470616388214
58.31445963591288
59.12712381558915
59.57989385855164
60.14875878432503
60.84532808119041
61.1936127296231
61.65799226086668
62.354561557732055
63.051130854597425
65.00152488582047
65.34980953425315
66.27856859674033
66.61524375689193
67.1957181709464
67.54400281937909
68.46115239358517
69.50600633888322
69.9703858701268
72.15296966697164
74.12658267475688
74.46325783490846
75.15982713177384
76.3207759598828
77.23792553408887
77.70230506533245
84.15718054961826
85.07433012382432
86.2236694636522
87.38461829176116
87.84899782300474
89.69490645969798
90.50757063937425
93.61891349870625
95.2326323697777
97.07854100647094
98.47167960020168
100.30597874861384
100.77035827985742
102.16349687358817
102.61626691655066
103.08064644779425
104.22998578762211
104.92655508448749
105.73921926416375
106.54027395555893
108.15399282663039
109.99990146332362
111.39304005705438
112.31018963126044
112.67008376797422
112.99514943984474
113.6917187367101
114.1444887796726
114.62047779919727
114.96876244762996
117.38353601009659
117.84791554134017
122.00411234597024
123.6062217287606
124.66268516233974
125.69592961935672
126.62468868184388
127.07745872480638
127.43735286152015
128.47059731853713
129.0394622443105
129.3877468927432
129.9682213067977
130.31650595523035
130.88537088100375
132.1508051036425
132.6151846348861
137.11966608794884
139.53443965041546
140.92757824414622
141.5080526582007
142.65739199802857
143.22625692380197
143.69063645504554
145.304355326117
145.6526399745497
146.22150490032305
146.58139903703685
148.4273076737301
149.46055213074706
149.91332217370956
150.27321631042332
152.45580010726817
154.6499933923941
155.81094222050305
156.61199691189822
157.2040808142338
157.65685085719628
157.99352601734788
158.56239094312127
159.50275949388953
160.1993287907549
161.23257324777188
162.14972282197795
162.84629211884334
163.9956314586712
165.73705470083462
166.07372986098622
166.5381093922298
167.68744873205767
168.61620779454483
169.5333573687509
170.92649596248165
172.7724045991749
173.35287901322937
174.61831323586813
175.07108327883063
175.53546281007422
176.1159372241287
176.4526123842803
176.81250652099408
177.14918168114568
179.7961450092341
180.73651356000235
181.30537848577572
181.65366313420841
182.0019477826411
183.38347688809077
184.42833083338883
185.6937650560276
187.53967369272084
188.1201481067753
189.50167721222496
189.84996186065766
193.30958936842234
194.00615866528773
199.54388457536743
200.55391005582223
201.1459939581578
201.72646837221228
202.41142818079655
203.22409236047284
203.9206616573382
204.2457273292087
204.95390611435516
207.49638404791378
207.84466869634647
208.42514311040097
208.99400803617434
213.3823946064262
218.58344535635433
220.4177445047665
222.6119377898924
224.00507638362316
224.45784642658563
227.91747393435034
231.37710144211502
231.8414809733586
233.91957937567364
235.3011084811233
236.81034195766495
237.37920688343834
241.07102415682482
242.68474302789625
244.3100713872488
244.7744509184924
245.22722096145486
246.03988514113115
248.45465870359777
250.30056734029102
251.22932640277818
252.14647597698425
253.4235196879041
253.9923846136775
254.44515465664
255.26942832459736
257.3475267269124
257.684201887064
258.25306681283735
#5
4.074930386662437
7.081787851464634
9.61265629674216
10.309225593607533
10.889700007662011
12.735608644355253
13.536663335750433
15.626371226346555
16.311331034930838
17.472279863039795
17.925049906002286
18.621619202867663
19.074389245830154
19.770958542695528
20.81581248799359
21.61686717938877
23.6949655817038
25.30868445277525
26.458023792603118
27.38678285509028
29.000501726161733
29.464881257405317
30.846410362854975
31.54297965972035
32.00735919096393
32.92450876517
33.84165833937608
34.77041740186325
35.35089181591773
36.50023115574559
36.964610686989175
38.462234675249725
39.95985866351028
40.30814331194297
40.77252284318655
41.12080749161924
42.386241714258
42.73452636269069
43.082811011123376
43.651675936896766
43.99996058532945
44.452730628291945
45.3930991790602
45.950354616552495
47.69177785871593
49.65378137822007
50.45483606961525
51.499690014913305
53.69388330003924
54.39045259690461
55.19150728829979
55.99256197969497
57.153510807803926
57.733985221858404
59.23160921011896
61.89018202648847
62.586751323353845
62.92342648350544
63.376196526467936
64.88543000300957
66.38305399127013
66.73133863970281
67.07962328813551
67.77619258500089
68.92553192482875
69.38991145607233
69.84268149903482
71.23582009276556
71.68859013572806
72.38515943259344
73.0817287294588
73.89439290913508
76.06536721769882
76.5413562372235
77.92288534267315
78.73554952234943
79.07222468250103
79.7687939793664
82.31127191292501
82.7640419558875
83.24003097541218
84.62156008086184
86.45585922927398
86.93184824879866
90.15928599094156
90.62366552218514
91.30862533076943
91.99358513935371
93.38672373308445
96.14978194398377
96.61416147522736
97.99569058067702
99.38882917440776
99.84159921737026
101.00254804547922
101.69911734234459
103.42893109622693
105.39093461573107
105.84370465869357
106.76085423289963
107.58512790085699
109.76771169770183
110.45267150628612
110.92866052581078
111.61362033439508
113.22733920546652
115.99039741636584
116.91915647885301
117.61572577571837
117.96401042415107
118.30068558430267
119.80991906084431
120.61097375223949
121.07535328348307
121.76031309206735
122.9212619201763
123.3856414514199
124.30279102562596
124.99936032249134
126.1486996623192
127.29803900214708
127.89012290448264
128.92336736149963
133.07956416612967
134.21729401767647
135.37824284578542
136.43470627936458
137.00357120513794
138.8494798418312
139.76662941603726
140.69538847852442
142.07691758397408
142.54129711521767
142.99406715818017
143.45844668942374
144.15501598628913
144.6193955175327
145.1998699315872
145.76873485736058
146.11701950579325
146.91807419718845
147.26635884562114
147.8352237713945
148.88007771669257
149.34445724793616
149.80883677917976
150.60989147057492
151.29485127915922
151.7476213221217
153.04788400960373
153.50065405256623
153.9650335838098
154.3017087439614
154.766088275205
155.23046780644856
155.57875245488125
156.27532175174662
157.0763764431418
157.4246610915745
158.67848582593217
159.60724488841933
161.00038348215008
161.91753305635615
162.38191258759974
164.12333582976316
164.69220075553656
165.84154009536442
168.15182826330127
169.30116760312913
169.6494522515618
171.61145577106595
172.0758353023095
173.68955417338097
174.83889351320883
175.30327304445242
176.34812698975048
177.04469628661587
177.38137144676745
177.84575097801104
178.31013050925463
178.8906049233091
179.3433749662716
179.912239892045
180.84099895453215
181.18928360296485
181.75814852873822
183.84785641933433
184.30062646229683
184.76500599354043
186.14653509899009
186.84310439585545
187.9924437356833
189.38558232941406
189.73386697784676
192.36922081765408
200.44942466129243
200.91380419253602
201.27369832924978
201.61037348940138
202.29533329798568
202.88741720032124
204.1412419346789
204.6056214659225
209.45838756741793
210.1549568642833
210.6077269072458
211.07210643848939
211.98925601269545
212.45363554393904
214.29954418063227
215.22830324311943
215.68107328608193
216.15706230560662
217.07421187981268
217.52698192277518
218.92012051650593
219.3728905594684
219.837270090712
220.76602915319916
221.21879919616165
221.68317872740525
223.07631732113597
223.54069685237957
224.22565666096386
224.92222595782923
226.30375506327889
226.75652510624138
227.22090463748495
229.99557233666536
230.44834237962786
230.92433139915252
231.60929120773682
232.30586050460218
233.45519984443007
234.60453918425793
238.99292575450977
239.45730528575336
241.5237941997873
241.99978321931198
243.02141818804785
244.5306516645895
245.69160049269846
246.14437053566095
246.60875006690452
247.5375091293917
247.88579377782438
250.06837757466923
250.7533373832535
251.91428621136245
252.37866574260605
253.0752350394714
253.7601948480557
254.92114367616466
255.60610348474896
256.0704830159925
257.1153369612906
258.13697193002645
258.60135146127004
#6
2.588915886682973
2.9255910468345703
4.434824523376213
4.771499683527811
5.468068980393185
6.280733160069454
6.617408320221052
8.126641796762696
9.159886253779666
9.84484606236395
10.529805870948236
11.458564933435401
12.155134230300774
12.619513761544356
12.967798409977044
15.278086577913868
15.963046386498151
16.404206941179556
16.764101077893333
18.853808968489453
19.306579011451944
20.4675278395609
20.920297882523396
22.545626241875933
22.998396284838428
23.46277581608201
23.92715534732559
24.85591440981276
25.773063984018833
26.237443515262417
26.690213558224908
27.15459308946849
27.618972620712075
28.30393242929636
29.232691491783523
29.697071023027107
30.16145055427069
31.310789894098555
31.77516942534214
32.57622411673732
33.0406036479809
33.38888829641359
34.43374224171165
35.11870205029593
35.45537721044753
36.15194650731291
36.83690631589719
37.30128584714077
37.997855144006145
38.346139792438834
38.92661420649331
39.3793842494558
40.07595354632118
40.42423819475386
41.92186218301442
42.27014683144711
43.76777081970766
44.127664956421434
44.696529882194824
46.77462828450986
47.44797860481305
48.15615738995952
49.769876261030966
51.139795878199536
51.615784897724204
52.080164428967784
53.22950376879565
54.15826283128282
54.83161315158601
55.30760217111069
55.77198170235427
57.61789033904751
58.523430424972496
58.89493404996736
59.46379897574075
60.61313831556862
60.9614229640013
61.53028788977469
62.238466674921156
63.619995780370814
64.3049555889551
64.76933512019868
65.23371465144227
65.81418906549675
66.15086422564833
66.9751378936057
68.12447723343357
68.69334215920695
70.3070610302784
70.77144056152198
71.92077990134986
72.84953896383702
73.5344987724213
73.99887830366488
75.04373224896294
77.45850581142957
78.15507510829495
79.53660421374461
80.91813331919427
81.38251285043785
81.84689238168143
82.6595565613577
83.46061125275288
83.92499078399646
85.30651988944612
86.0030891863115
87.15242852613936
88.76614739721082
89.92709622531977
90.85585528780693
92.46957415887839
93.83949377604695
94.30387330729053
94.76825283853411
95.91759217836199
97.53131104943343
98.69225987754238
101.22312832281992
101.9196976196853
102.38407715092887
102.73236179936156
103.31283621341603
103.66112086184873
104.69436531886569
107.23684325242431
107.6896132953868
108.60676286959288
109.30333216645825
111.14924080315149
112.07799986563866
112.77456916250404
115.07324784215976
116.12971127573891
116.69857620151231
118.99725488116803
120.15820370927699
120.84316351786129
121.30754304910486
122.58458676002472
123.1534516857981
123.50173633423078
124.07060126000418
125.45213036545384
126.380889427941
126.84526895918458
127.54183825604996
127.99460829901246
130.76927599819285
131.11756064662555
131.46584529505824
132.3829948692643
132.96346928331877
133.54394369737327
134.46109327157933
134.92547280282292
135.6104326114072
136.07481214265079
136.53919167389438
137.45634124810044
137.92072077934404
138.3851003105876
139.3022498847937
140.46319871290265
141.15976800976802
141.8447278183523
142.30910734959588
142.76187739255838
144.38720575191093
144.8515852831545
146.34920927141505
147.6030340057727
148.0558040487352
149.69274189636886
150.04102654480153
150.95817611900762
151.527041044781
152.11912494711657
152.80408475570084
153.732843818188
154.4178036267723
154.9866685525457
155.34656268925946
155.68323784941106
156.14761738065465
156.49590202908732
157.7613362517261
158.10962090015877
158.45790554859147
159.03837996264593
159.83943465404113
160.5360039509065
161.46476301339368
162.61410235322154
163.06687239618404
163.7634416930494
165.60935032974265
166.30591962660802
166.75868966957051
167.45525896643588
167.91963849767947
169.7655471343727
170.2299266656163
170.69430619685986
171.14707623982235
172.9929848765156
173.45736440775917
174.38612347024636
176.23203210693958
176.69641163818318
177.60195172410815
178.07794074363284
178.7629005522171
179.2272800834607
179.6800501264232
180.27213402875876
180.60880918891036
181.07318872015395
182.2341375482629
184.53281622791863
185.229385524784
188.4568232669269
189.15339256379227
194.22673894262843
195.1554980051156
196.07264757932165
197.0014066418088
197.9185562160149
198.84731527850207
201.04150856362799
202.75971282922924
204.3734317003007
205.99876005965322
207.13648991120002
207.72857381353558
208.07685846196827
208.54123799321184
210.3871466299051
211.75706624707365
212.6858253095608
213.8351646493887
214.53173394625406
216.37764258294732
217.99136145401874
220.0694598563338
220.53383938757736
221.91536849302702
222.3797480242706
223.76127712972027
225.37499600079173
225.8393755320353
227.45309440310675
229.0668132741782
229.5311928054218
232.77024003584577
233.22301007880827
234.14015965301434
235.7654880123669
236.12538214908065
236.45044782095115
237.14701711781655
237.8319769264008
238.3079659459255
239.68949505137516
240.15387458261873
240.83883439120302
243.36970283648054
244.9950311958331
245.92379025832025
246.84093983252632
247.7580894067324
248.22246893797598
248.68684846921957
249.83618780904743
252.61085550822784
253.5280050824339
254.2245743792993
254.68895391054286
255.37391371912716
256.29106329333325
257.4520121214422
257.9047821644047
258.48525657845914
